1
4
6
7
8
10
11
12
13
14
15
21
25
26
28
30
32
33
34
36
38
39
40
42
47
48
49
51
55
56
59
61
62
65
66
67
69
70
71
72
73
75
76
77
79
82
84
86
90
93
95
96
97
99
100
104
106
111
115
117
122
126
127
129
132
133
134
135
136
142
145
149
154
155
157
158
164
167
171
173
179
182
185
187
192
194
195
197
198
199
200
201
203
204
205
211
212
213
215
216
217
218
219
220
221
222
223
224
225
226
227
230
231
232
237
240
243
245
246
249
250
253
255
257
258
260
261
263
265
266
267
268
269
271
273
274
277
280
285
288
289
291
292
295
298
301
302
307
310
311
312
313
315
317
320
321
322
324
326
329
330
332
334
335
336
337
341
344
345
348
351
353
354
359
360
361
362
364
365
368
369
370
372
374
375
390
391
392
395
396
397
401
402
404
409
410
415
420
421
422
428
429
430
432
437
438
439
440
441
444
445
446
448
449
451
455
456
457
458
460
462
468
470
476
477
481
482
483
485
487
489
490
492
496
499
500
501
503
504
511
512
513
515
518
520
522
523
526
527
529
531
534
535
537
538
542
543
544
546
549
552
553
554
555
562
564
565
567
569
575
576
577
581
582
586
587
590
591
593
595
596
598
601
602
604
607
609
610
613
616
617
618
620
621
624
625
628
629
631
634
641
644
646
648
650
652
655
656
659
660
661
664
665
666
667
668
674
677
679
684
686
689
690
691
694
697
699
700
701
702
704
705
707
709
712
714
716
717
719
721
722
724
725
728
730
734
736
737
740
742
743
744
746
747
751
752
753
754
755
756
758
760
761
763
764
765
767
769
771
773
776
777
781
783
784
786
787
789
792
794
796
798
799
801
802
804
805
806
812
813
816
817
821
824
825
826
827
828
829
832
837
838
839
842
845
846
847
848
850
857
860
862
865
866
868
876
879
880
881
882
884
885
886
888
889
891
892
893
895
896
897
898
901
902
906
908
909
910
911
913
915
921
927
929
931
932
933
934
938
941
943
945
949
951
958
959
960
961
963
964
966
969
970
973
974
975
976
977
978
981
982
983
984
985
987
989
990
992
993
997
998
999
