A3NBM6	0.4439461883408072	0.07174887892376682	0.13004484304932734	0.12780269058295965	0.226457399103139
A5W0D6	0.4298440979955457	0.0801781737193764	0.12249443207126949	0.10690423162583519	0.26057906458797325
Q8K3V4	0.3621700879765396	0.09090909090909091	0.11143695014662756	0.1187683284457478	0.31671554252199413
Q31WK0	0.434640522875817	0.0915032679738562	0.12091503267973856	0.13071895424836602	0.2222222222222222
Q48KS4	0.38368580060422963	0.09969788519637462	0.13595166163141995	0.13293051359516617	0.24773413897280966
Q62H14	0.41964285714285715	0.08928571428571429	0.13988095238095238	0.11904761904761904	0.23214285714285715
Q63T53	0.42136498516320475	0.08902077151335312	0.13353115727002968	0.11572700296735905	0.2403560830860534
B2UG65	0.3958333333333333	0.09821428571428571	0.13690476190476192	0.125	0.24404761904761904
Q9K576	0.3878048780487805	0.07317073170731707	0.13170731707317074	0.14634146341463414	0.26097560975609757
Q1JEK0	0.4176829268292683	0.10670731707317073	0.10975609756097561	0.10975609756097561	0.25609756097560976
A4T6Q0	0.47761194029850745	0.0472636815920398	0.11940298507462686	0.12935323383084577	0.2263681592039801
A1KVF9	0.4006514657980456	0.09446254071661238	0.1270358306188925	0.13029315960912052	0.247557003257329
P60656	0.434640522875817	0.0915032679738562	0.12745098039215685	0.13071895424836602	0.21568627450980393
P9WQ04	0.48756218905472637	0.04228855721393035	0.11691542288557213	0.12686567164179105	0.2263681592039801
B7IV32	0.3975609756097561	0.07560975609756097	0.16097560975609757	0.14634146341463414	0.21951219512195122
Q9W6S5	0.36503856041131105	0.09768637532133675	0.16452442159383032	0.12082262210796915	0.2519280205655527
C3JXY6	0.42857142857142855	0.08035714285714286	0.11383928571428571	0.10267857142857142	0.27455357142857145
Q63QS9	0.4226190476190476	0.08630952380952381	0.13988095238095238	0.11904761904761904	0.23214285714285715
B2T314	0.4103139013452915	0.07399103139013453	0.1367713004484305	0.12780269058295965	0.25112107623318386
O95865	0.4807017543859649	0.03508771929824561	0.11578947368421053	0.11228070175438597	0.256140350877193
A8FX76	0.3955056179775281	0.0696629213483146	0.1348314606741573	0.11235955056179775	0.2876404494382023
Q4KJT9	0.46153846153846156	0.0641025641025641	0.1282051282051282	0.10576923076923077	0.2403846153846154
P20717	0.3744360902255639	0.1037593984962406	0.12781954887218044	0.1368421052631579	0.2571428571428571
Q0HYZ3	0.4081081081081081	0.08648648648648649	0.1	0.13243243243243244	0.27297297297297296
P60111	0.3869047619047619	0.10119047619047619	0.14285714285714285	0.125	0.24404761904761904
Q321N7	0.41834451901565994	0.0738255033557047	0.1185682326621924	0.11185682326621924	0.27740492170022374
Q9CEY6	0.366120218579235	0.08743169398907104	0.12295081967213115	0.15846994535519127	0.2650273224043716
Q141D2	0.40358744394618834	0.07623318385650224	0.1367713004484305	0.13228699551569506	0.25112107623318386
A2RGS6	0.42073170731707316	0.10975609756097561	0.11280487804878049	0.10670731707317073	0.25
A8APF8	0.434640522875817	0.0915032679738562	0.11764705882352941	0.13071895424836602	0.22549019607843138
P77425	0.40389294403892945	0.0827250608272506	0.11435523114355231	0.12408759124087591	0.2749391727493917
A7X5U0	0.3954983922829582	0.08681672025723473	0.13504823151125403	0.1382636655948553	0.24437299035369775
A3NXG1	0.44170403587443946	0.07174887892376682	0.13228699551569506	0.12780269058295965	0.226457399103139
Q2SKP0	0.40358744394618834	0.07623318385650224	0.13004484304932734	0.11434977578475336	0.2757847533632287
Q82LL5	0.4122340425531915	0.09042553191489362	0.13829787234042554	0.1276595744680851	0.23138297872340424
Q0KFM5	0.49050632911392406	0.05379746835443038	0.11392405063291139	0.12974683544303797	0.2120253164556962
Q2KJ64	0.41304347826086957	0.06832298136645963	0.13975155279503104	0.12732919254658384	0.2515527950310559
B7J0T5	0.3804878048780488	0.1048780487804878	0.13902439024390245	0.14146341463414633	0.23414634146341465
Q9ULC6	0.37104072398190047	0.09653092006033183	0.13725490196078433	0.12669683257918551	0.2684766214177979
Q988I1	0.4320388349514563	0.08009708737864078	0.13106796116504854	0.13349514563106796	0.22330097087378642
Q72JK8	0.47440273037542663	0.07849829351535836	0.14334470989761092	0.13993174061433447	0.16382252559726962
Q4R964	0.3829268292682927	0.09024390243902439	0.14390243902439023	0.13414634146341464	0.24878048780487805
B7N581	0.42058165548098436	0.0738255033557047	0.116331096196868	0.11185682326621924	0.27740492170022374
A2AS89	0.441340782122905	0.055865921787709494	0.10614525139664804	0.08379888268156424	0.3128491620111732
Q08642	0.37592867756315007	0.1025260029717682	0.1263001485884101	0.1337295690936107	0.26151560178306094
P58013	0.3853658536585366	0.07317073170731707	0.13414634146341464	0.14878048780487804	0.25853658536585367
Q92FR7	0.3799019607843137	0.07352941176470588	0.14460784313725492	0.15931372549019607	0.2426470588235294
P70708	0.3689759036144578	0.09337349397590361	0.1280120481927711	0.13704819277108435	0.27259036144578314
Q6LPX9	0.3787878787878788	0.09696969696969697	0.12424242424242424	0.15151515151515152	0.24848484848484848
P07824	0.4086687306501548	0.06811145510835913	0.14241486068111456	0.11764705882352941	0.2631578947368421
B2HDL4	0.48009950248756217	0.04477611940298507	0.11940298507462686	0.1318407960199005	0.22388059701492538
B3PNI8	0.40097799511002447	0.08801955990220049	0.14180929095354522	0.1466992665036675	0.22249388753056235
Q9I6J9	0.38315217391304346	0.08423913043478261	0.12771739130434784	0.16032608695652173	0.24456521739130435
B7UY35	0.4174107142857143	0.07589285714285714	0.13169642857142858	0.12053571428571429	0.2544642857142857
Q5WVZ3	0.3861607142857143	0.08035714285714286	0.12276785714285714	0.10491071428571429	0.30580357142857145
C1CDR9	0.3988919667590028	0.09695290858725762	0.10526315789473684	0.16620498614958448	0.23268698060941828
B4TC42	0.4440894568690096	0.07667731629392971	0.12460063897763578	0.1182108626198083	0.2364217252396166
B4THG3	0.434640522875817	0.0915032679738562	0.12745098039215685	0.13071895424836602	0.21568627450980393
Q8XW30	0.5230769230769231	0.04923076923076923	0.13538461538461538	0.11076923076923077	0.18153846153846154
P60657	0.434640522875817	0.0915032679738562	0.12091503267973856	0.13071895424836602	0.2222222222222222
Q5X741	0.3793103448275862	0.10658307210031348	0.11598746081504702	0.11598746081504702	0.28213166144200624
B2JCG4	0.4192825112107623	0.07399103139013453	0.1412556053811659	0.13004484304932734	0.23542600896860988
A3D5H7	0.39864864864864863	0.07657657657657657	0.12387387387387387	0.10585585585585586	0.29504504504504503
A0KF85	0.4872611464968153	0.06687898089171974	0.1337579617834395	0.12101910828025478	0.1910828025477707
P19452	0.4774774774774775	0.06756756756756757	0.12162162162162163	0.13513513513513514	0.1981981981981982
B1LDE6	0.434640522875817	0.0915032679738562	0.12091503267973856	0.13071895424836602	0.2222222222222222
A1R0R8	0.37163814180929094	0.10024449877750612	0.13691931540342298	0.13691931540342298	0.254278728606357
Q0SWK6	0.3728813559322034	0.08716707021791767	0.15254237288135594	0.17433414043583534	0.21307506053268765
A3QF43	0.4	0.07415730337078652	0.12808988764044943	0.1101123595505618	0.2876404494382023
A7X719	0.3819951338199513	0.08029197080291971	0.145985401459854	0.1654501216545012	0.22627737226277372
B9DUZ0	0.4073170731707317	0.07804878048780488	0.13658536585365855	0.17073170731707318	0.2073170731707317
B4ECZ9	0.42376681614349776	0.07174887892376682	0.13004484304932734	0.12556053811659193	0.24887892376681614
C1CNC2	0.39853300733496333	0.08312958435207823	0.1466992665036675	0.17603911980440098	0.19559902200489
Q5X4K3	0.38839285714285715	0.08035714285714286	0.12053571428571429	0.10491071428571429	0.30580357142857145
B5FUJ0	0.434640522875817	0.0915032679738562	0.12745098039215685	0.13071895424836602	0.21568627450980393
A8LN36	0.43765281173594134	0.07579462102689487	0.1295843520782396	0.13202933985330073	0.22493887530562348
Q5Z0G1	0.4935483870967742	0.06129032258064516	0.11612903225806452	0.11290322580645161	0.2161290322580645
Q9A7W1	0.437219730941704	0.07399103139013453	0.12780269058295965	0.12331838565022421	0.23766816143497757
Q8CNA3	0.3890675241157556	0.09003215434083602	0.13504823151125403	0.1414790996784566	0.24437299035369775
Q88R68	0.4048913043478261	0.07880434782608696	0.12228260869565218	0.14673913043478262	0.24728260869565216
P99158	0.3954983922829582	0.08681672025723473	0.13504823151125403	0.1382636655948553	0.24437299035369775
P30759	0.3987341772151899	0.060126582278481014	0.16455696202531644	0.13291139240506328	0.24367088607594936
A6V7Y9	0.4006024096385542	0.09036144578313253	0.1536144578313253	0.1355421686746988	0.21987951807228914
Q1BXP0	0.42152466367713004	0.07174887892376682	0.13228699551569506	0.12556053811659193	0.24887892376681614
Q4ZVG8	0.39274924471299094	0.09667673716012085	0.13897280966767372	0.1299093655589124	0.24169184290030213
Q81JT1	0.41379310344827586	0.1	0.12413793103448276	0.16206896551724137	0.2
A0K609	0.42152466367713004	0.07174887892376682	0.13228699551569506	0.12556053811659193	0.24887892376681614
Q9Z184	0.375	0.09487951807228916	0.13102409638554216	0.13403614457831325	0.26506024096385544
Q93K67	0.39215686274509803	0.0857843137254902	0.13970588235294118	0.17647058823529413	0.20588235294117646
A4XWE6	0.42410714285714285	0.078125	0.11830357142857142	0.10714285714285714	0.27232142857142855
Q1I6Z6	0.42316258351893093	0.0801781737193764	0.12026726057906459	0.111358574610245	0.2650334075723831
P60651	0.434640522875817	0.0915032679738562	0.12091503267973856	0.13071895424836602	0.2222222222222222
Q9KUU2	0.4103194103194103	0.07371007371007371	0.14742014742014742	0.12530712530712532	0.24324324324324326
Q6G7E9	0.423841059602649	0.052980132450331126	0.1357615894039735	0.1423841059602649	0.24503311258278146
Q8NVE3	0.423841059602649	0.052980132450331126	0.1357615894039735	0.1423841059602649	0.24503311258278146
Q87LG0	0.41277641277641275	0.07371007371007371	0.13267813267813267	0.14742014742014742	0.2334152334152334
O94760	0.43859649122807015	0.0456140350877193	0.14385964912280702	0.14385964912280702	0.22807017543859648
Q5PHC1	0.43847874720357943	0.07158836689038031	0.12304250559284116	0.116331096196868	0.2505592841163311
O57839	0.4381625441696113	0.10247349823321555	0.11307420494699646	0.14487632508833923	0.20141342756183744
B7H7F6	0.3975609756097561	0.07560975609756097	0.16097560975609757	0.14634146341463414	0.21951219512195122
Q6MG60	0.47719298245614034	0.03508771929824561	0.11578947368421053	0.11228070175438597	0.2596491228070175
Q080J1	0.3783783783783784	0.08108108108108109	0.11711711711711711	0.10810810810810811	0.3153153153153153
Q92ZT2	0.4278728606356968	0.08312958435207823	0.1271393643031785	0.1393643031784841	0.22249388753056235
Q0TUR5	0.37530266343825663	0.08716707021791767	0.14769975786924938	0.17433414043583534	0.21549636803874092
Q4ZLL3	0.40217391304347827	0.08152173913043478	0.11413043478260869	0.14130434782608695	0.2608695652173913
A1AJF5	0.39803439803439805	0.07125307125307126	0.14250614250614252	0.13267813267813267	0.25552825552825553
Q62JH0	0.42136498516320475	0.08902077151335312	0.13353115727002968	0.11572700296735905	0.2403560830860534
Q32G87	0.41294642857142855	0.07366071428571429	0.12276785714285714	0.11160714285714286	0.27901785714285715
A1AFC5	0.434640522875817	0.0915032679738562	0.12091503267973856	0.13071895424836602	0.2222222222222222
Q5X986	0.3786127167630058	0.11271676300578035	0.10982658959537572	0.12138728323699421	0.2774566473988439
B0VP26	0.4017857142857143	0.09523809523809523	0.14285714285714285	0.13095238095238096	0.22916666666666666
B7LMS3	0.40294840294840295	0.07125307125307126	0.14250614250614252	0.13267813267813267	0.25061425061425063
Q2YYV4	0.3954983922829582	0.08681672025723473	0.13504823151125403	0.1414790996784566	0.24115755627009647
A0KMV4	0.4067415730337079	0.07640449438202247	0.12808988764044943	0.10786516853932585	0.2808988764044944
O42887	0.38498789346246975	0.09685230024213075	0.12832929782082325	0.13317191283292978	0.2566585956416465
Q8FH02	0.4161073825503356	0.0738255033557047	0.12304250559284116	0.11185682326621924	0.2751677852348993
Q5QWI1	0.3691275167785235	0.08501118568232663	0.1319910514541387	0.12080536912751678	0.2930648769574944
C4ZZA1	0.41834451901565994	0.0738255033557047	0.1185682326621924	0.11185682326621924	0.27740492170022374
B2IP79	0.3988919667590028	0.09695290858725762	0.10249307479224377	0.16897506925207756	0.23268698060941828
B6IBG5	0.42058165548098436	0.0738255033557047	0.12080536912751678	0.10961968680089486	0.2751677852348993
B1XGK6	0.41834451901565994	0.0738255033557047	0.1185682326621924	0.11185682326621924	0.27740492170022374
Q6GER3	0.41721854304635764	0.04966887417218543	0.13245033112582782	0.1456953642384106	0.25496688741721857
B4TGE3	0.43847874720357943	0.07158836689038031	0.12304250559284116	0.11409395973154363	0.25279642058165547
Q1RB48	0.41387024608501116	0.07606263982102908	0.12527964205816555	0.11409395973154363	0.27069351230425054
C0MBK4	0.41119221411192214	0.07785888077858881	0.13381995133819952	0.1630170316301703	0.2141119221411192
B2I1L5	0.40476190476190477	0.09523809523809523	0.13988095238095238	0.13095238095238096	0.22916666666666666
Q9CWS0	0.4105263157894737	0.05263157894736842	0.14736842105263157	0.14385964912280702	0.24561403508771928
O08701	0.4124293785310734	0.06779661016949153	0.14124293785310735	0.11299435028248588	0.2655367231638418
Q1JJJ7	0.4176829268292683	0.10670731707317073	0.11280487804878049	0.10975609756097561	0.2530487804878049
P70999	0.4103448275862069	0.09655172413793103	0.13448275862068965	0.16206896551724137	0.19655172413793104
Q5ZZK4	0.3793103448275862	0.11206896551724138	0.11206896551724138	0.1235632183908046	0.27298850574712646
Q87UB2	0.39945652173913043	0.08423913043478261	0.11141304347826086	0.13858695652173914	0.266304347826087
Q57GD5	0.4103194103194103	0.07125307125307126	0.14004914004914004	0.1375921375921376	0.24078624078624078
A6VA75	0.41964285714285715	0.07589285714285714	0.13392857142857142	0.12053571428571429	0.25
Q1J9E8	0.4176829268292683	0.10670731707317073	0.11280487804878049	0.10975609756097561	0.2530487804878049
B8E786	0.3963963963963964	0.07657657657657657	0.12387387387387387	0.10585585585585586	0.2972972972972973
B1IT67	0.434640522875817	0.0915032679738562	0.12091503267973856	0.13071895424836602	0.2222222222222222
O49046	0.4228571428571429	0.06857142857142857	0.14857142857142858	0.14	0.22
Q9Z183	0.36936936936936937	0.0915915915915916	0.13513513513513514	0.11711711711711711	0.28678678678678676
Q57K36	0.434640522875817	0.0915032679738562	0.12745098039215685	0.13071895424836602	0.21568627450980393
G7JT50	0.3582887700534759	0.09358288770053476	0.1443850267379679	0.1443850267379679	0.25935828877005346
Q8DA19	0.3869047619047619	0.10119047619047619	0.14285714285714285	0.125	0.24404761904761904
A8AJ18	0.4472843450479233	0.06389776357827476	0.12779552715654952	0.12460063897763578	0.2364217252396166
B7UW33	0.4066265060240964	0.09036144578313253	0.14759036144578314	0.12951807228915663	0.22590361445783133
A9L516	0.39864864864864863	0.07657657657657657	0.12162162162162163	0.10585585585585586	0.2972972972972973
B5F9Q1	0.3793103448275862	0.0812807881773399	0.14285714285714285	0.13054187192118227	0.2660098522167488
B5FP55	0.44089456869009586	0.07667731629392971	0.12460063897763578	0.1182108626198083	0.23961661341853036
A1V674	0.44170403587443946	0.07174887892376682	0.13228699551569506	0.12780269058295965	0.226457399103139
B5BFP3	0.434640522875817	0.0915032679738562	0.12745098039215685	0.13071895424836602	0.21568627450980393
C0MD79	0.41119221411192214	0.07785888077858881	0.1362530413625304	0.1630170316301703	0.2116788321167883
C1CHE6	0.39853300733496333	0.08312958435207823	0.1466992665036675	0.17603911980440098	0.19559902200489
P60655	0.434640522875817	0.0915032679738562	0.12745098039215685	0.13071895424836602	0.21568627450980393
B7M1F7	0.41834451901565994	0.0738255033557047	0.12080536912751678	0.11185682326621924	0.2751677852348993
B1JMD0	0.42058165548098436	0.06711409395973154	0.1319910514541387	0.10514541387024609	0.2751677852348993
C0M0V4	0.4409937888198758	0.06418219461697723	0.11594202898550725	0.13043478260869565	0.2484472049689441
Q7NRJ9	0.424390243902439	0.07560975609756097	0.15365853658536585	0.14146341463414633	0.2048780487804878
Q893K6	0.40236686390532544	0.11242603550295859	0.11242603550295859	0.11834319526627218	0.25443786982248523
Q2G9Z6	0.47980997624703087	0.05938242280285035	0.11163895486935867	0.10688836104513064	0.24228028503562946
A6VVD9	0.39295392953929537	0.07859078590785908	0.12737127371273713	0.14905149051490515	0.25203252032520324
Q73QJ2	0.3975609756097561	0.08292682926829269	0.13658536585365855	0.13902439024390245	0.24390243902439024
A7GKP8	0.4	0.07560975609756097	0.15365853658536585	0.14146341463414633	0.22926829268292684
Q725C4	0.35772357723577236	0.10569105691056911	0.13008130081300814	0.15447154471544716	0.25203252032520324
Q0S4V3	0.48641975308641977	0.04197530864197531	0.12345679012345678	0.1259259259259259	0.2222222222222222
A1U5W7	0.43946188340807174	0.06950672645739911	0.12556053811659193	0.1210762331838565	0.24439461883408073
A9N275	0.43847874720357943	0.07158836689038031	0.12304250559284116	0.116331096196868	0.2505592841163311
B5XUB2	0.4411764705882353	0.0915032679738562	0.11764705882352941	0.13071895424836602	0.21895424836601307
A2SA47	0.44170403587443946	0.07174887892376682	0.13228699551569506	0.12780269058295965	0.226457399103139
Q10066	0.42724458204334365	0.05572755417956656	0.13622291021671826	0.1393188854489164	0.24148606811145512
A6WR31	0.40540540540540543	0.08648648648648649	0.1	0.13243243243243244	0.2756756756756757
A4VP32	0.39274924471299094	0.10574018126888217	0.14803625377643503	0.1268882175226586	0.22658610271903323
Q62KD9	0.4449760765550239	0.07655502392344497	0.1291866028708134	0.1291866028708134	0.22009569377990432
A5VIN9	0.4	0.07073170731707316	0.15609756097560976	0.15853658536585366	0.2146341463414634
Q54VL5	0.3170731707317073	0.1002710027100271	0.13821138211382114	0.12466124661246612	0.31978319783197834
B5EV09	0.35585585585585583	0.08558558558558559	0.13963963963963963	0.12162162162162163	0.2972972972972973
I1L153	0.4389233954451346	0.062111801242236024	0.11801242236024845	0.12629399585921325	0.2546583850931677
B4TQT3	0.43769968051118213	0.07667731629392971	0.12460063897763578	0.1182108626198083	0.24281150159744408
Q87YX4	0.38368580060422963	0.09969788519637462	0.14501510574018128	0.1299093655589124	0.24169184290030213
Q1JKW3	0.41119221411192214	0.07785888077858881	0.1362530413625304	0.1630170316301703	0.2116788321167883
Q8RPX2	0.3835616438356164	0.08493150684931507	0.12602739726027398	0.1589041095890411	0.2465753424657534
B4TV53	0.434640522875817	0.0915032679738562	0.12745098039215685	0.13071895424836602	0.21568627450980393
Q62LN4	0.44170403587443946	0.07174887892376682	0.13228699551569506	0.12780269058295965	0.226457399103139
B0V9T8	0.40476190476190477	0.09523809523809523	0.14285714285714285	0.13095238095238096	0.2261904761904762
A4JCW1	0.4282511210762332	0.07174887892376682	0.12556053811659193	0.12331838565022421	0.25112107623318386
A1KHD9	0.48756218905472637	0.04228855721393035	0.11691542288557213	0.12686567164179105	0.2263681592039801
A5VX45	0.4076086956521739	0.07880434782608696	0.12228260869565218	0.14402173913043478	0.24728260869565216
Q88P52	0.4196642685851319	0.0815347721822542	0.1342925659472422	0.1342925659472422	0.2302158273381295
B2U0V8	0.434640522875817	0.0915032679738562	0.11764705882352941	0.13071895424836602	0.22549019607843138
B2K297	0.42058165548098436	0.06711409395973154	0.1319910514541387	0.10514541387024609	0.2751677852348993
Q8NUK7	0.3844282238442822	0.08029197080291971	0.145985401459854	0.1654501216545012	0.22384428223844283
Q9AAL4	0.5	0.0539906103286385	0.11502347417840375	0.09154929577464789	0.23943661971830985
P38488	0.4143920595533499	0.08933002481389578	0.141439205955335	0.13647642679900746	0.21836228287841192
C1BBD1	0.45625	0.065625	0.1125	0.115625	0.25
Q8XUB7	0.39285714285714285	0.10119047619047619	0.14583333333333334	0.11904761904761904	0.24107142857142858
Q95KM0	0.43167701863354035	0.059006211180124224	0.13975155279503104	0.11490683229813664	0.2546583850931677
C5DA16	0.4123076923076923	0.07692307692307693	0.12923076923076923	0.12615384615384614	0.2553846153846154
Q8FE36	0.434640522875817	0.0915032679738562	0.12091503267973856	0.13071895424836602	0.2222222222222222
Q02I59	0.4174107142857143	0.078125	0.12946428571428573	0.12053571428571429	0.2544642857142857
Q87Q75	0.36764705882352944	0.09411764705882353	0.16176470588235295	0.12352941176470589	0.2529411764705882
Q2Y8M6	0.41387024608501116	0.07158836689038031	0.1297539149888143	0.1297539149888143	0.2550335570469799
B6EMS7	0.3817733990147783	0.07881773399014778	0.14532019704433496	0.12315270935960591	0.270935960591133
Q5PG59	0.4472843450479233	0.07667731629392971	0.12460063897763578	0.1182108626198083	0.23322683706070288
D2Z025	0.5018315018315018	0.047619047619047616	0.0989010989010989	0.1575091575091575	0.19413919413919414
A4Y946	0.41081081081081083	0.08648648648648649	0.10270270270270271	0.13243243243243244	0.26756756756756755
Q3ID31	0.390625	0.08258928571428571	0.10491071428571429	0.10267857142857142	0.31919642857142855
A4W9J8	0.41950113378684806	0.07029478458049887	0.12471655328798185	0.10657596371882086	0.2789115646258503
Q9BSE5	0.44886363636363635	0.05397727272727273	0.11363636363636363	0.09375	0.2897727272727273
Q5SJ85	0.4709897610921502	0.07849829351535836	0.14675767918088736	0.13651877133105803	0.16723549488054607
Q6GEA1	0.39228295819935693	0.08681672025723473	0.13504823151125403	0.13504823151125403	0.2508038585209003
Q82JP0	0.42196531791907516	0.0838150289017341	0.1329479768786127	0.13872832369942195	0.22254335260115607
A6T6K8	0.46855345911949686	0.06289308176100629	0.12578616352201258	0.1289308176100629	0.2138364779874214
B5F5K3	0.434640522875817	0.0915032679738562	0.12745098039215685	0.13071895424836602	0.21568627450980393
P63553	0.3819951338199513	0.08029197080291971	0.145985401459854	0.1654501216545012	0.22627737226277372
Q5X9K2	0.42073170731707316	0.10670731707317073	0.10975609756097561	0.10975609756097561	0.2530487804878049
Q88EI5	0.4298440979955457	0.08240534521158129	0.12026726057906459	0.1091314031180401	0.2583518930957684
Q8NV63	0.3954983922829582	0.08681672025723473	0.13504823151125403	0.1414790996784566	0.24115755627009647
B3PWQ6	0.4229828850855746	0.08557457212713937	0.1198044009779951	0.12469437652811736	0.2469437652811736
Q725C6	0.37637362637362637	0.09065934065934066	0.12912087912087913	0.17032967032967034	0.23351648351648352
Q39I24	0.4192825112107623	0.07174887892376682	0.13004484304932734	0.12780269058295965	0.25112107623318386
B5BA69	0.43847874720357943	0.07158836689038031	0.12304250559284116	0.116331096196868	0.2505592841163311
B5RN40	0.37163814180929094	0.09046454767726161	0.1393643031784841	0.1393643031784841	0.2591687041564792
Q6G6Y7	0.3954983922829582	0.08681672025723473	0.13504823151125403	0.1414790996784566	0.24115755627009647
P68770	0.41119221411192214	0.07785888077858881	0.1362530413625304	0.1630170316301703	0.2116788321167883
C5A0K6	0.434640522875817	0.0915032679738562	0.12091503267973856	0.13071895424836602	0.2222222222222222
O86131	0.38256658595641646	0.07506053268765134	0.1549636803874092	0.16707021791767554	0.22033898305084745
B1I9W0	0.39853300733496333	0.08312958435207823	0.1466992665036675	0.17603911980440098	0.19559902200489
P18407	0.3954802259887006	0.09887005649717515	0.1327683615819209	0.13559322033898305	0.23728813559322035
Q9HQD7	0.48366013071895425	0.058823529411764705	0.08823529411764706	0.16013071895424835	0.20915032679738563
B7LYW6	0.434640522875817	0.0915032679738562	0.12091503267973856	0.13071895424836602	0.2222222222222222
Q15TB5	0.3901345291479821	0.08520179372197309	0.12556053811659193	0.10762331838565023	0.2914798206278027
A0PW79	0.48009950248756217	0.04477611940298507	0.11940298507462686	0.1318407960199005	0.22388059701492538
Q95JC8	0.4192546583850932	0.06832298136645963	0.13975155279503104	0.12111801242236025	0.2515527950310559
P41142	0.4142857142857143	0.08095238095238096	0.1380952380952381	0.13333333333333333	0.23333333333333334
B0TP13	0.39101123595505616	0.07415730337078652	0.12808988764044943	0.10561797752808989	0.30112359550561796
O32149	0.4174757281553398	0.07524271844660194	0.13106796116504854	0.13349514563106796	0.24271844660194175
P40906	0.43788819875776397	0.049689440993788817	0.14285714285714285	0.14596273291925466	0.2236024844720497
Q8EDN7	0.3963963963963964	0.07657657657657657	0.12162162162162163	0.1036036036036036	0.30180180180180183
P41141	0.4083129584352078	0.09535452322738386	0.13447432762836187	0.13691931540342298	0.22493887530562348
B2TFB8	0.453125	0.0625	0.134375	0.14375	0.20625
Q8D0D8	0.42058165548098436	0.06711409395973154	0.1319910514541387	0.10514541387024609	0.2751677852348993
Q8ZK33	0.4088669950738916	0.07142857142857142	0.13793103448275862	0.13793103448275862	0.2438423645320197
P49900	0.4117647058823529	0.06191950464396285	0.13622291021671826	0.12693498452012383	0.2631578947368421
Q7N2H0	0.40492170022371365	0.07829977628635347	0.12751677852348994	0.09843400447427293	0.29082774049217003
Q81II1	0.3975609756097561	0.07560975609756097	0.16097560975609757	0.14634146341463414	0.21951219512195122
A1S572	0.40540540540540543	0.07207207207207207	0.12837837837837837	0.10810810810810811	0.28603603603603606
P0C0B4	0.41119221411192214	0.07785888077858881	0.1362530413625304	0.1630170316301703	0.2116788321167883
Q9KSQ2	0.39880952380952384	0.08928571428571429	0.13392857142857142	0.11607142857142858	0.2619047619047619
Q10088	0.41624365482233505	0.09898477157360407	0.10913705583756345	0.12436548223350254	0.2512690355329949
Q02UC5	0.38315217391304346	0.08423913043478261	0.12771739130434784	0.16032608695652173	0.24456521739130435
Q8E2K0	0.3926829268292683	0.07804878048780488	0.14390243902439023	0.16341463414634147	0.22195121951219512
Q8Z899	0.44089456869009586	0.07987220447284345	0.12460063897763578	0.1182108626198083	0.2364217252396166
Q1C8A8	0.42058165548098436	0.06711409395973154	0.1319910514541387	0.10514541387024609	0.2751677852348993
Q48G20	0.42410714285714285	0.07589285714285714	0.11383928571428571	0.10267857142857142	0.28348214285714285
Q5ZUT4	0.38839285714285715	0.08035714285714286	0.12053571428571429	0.10491071428571429	0.30580357142857145
Q4K8H3	0.3987915407854985	0.09969788519637462	0.1419939577039275	0.1299093655589124	0.229607250755287
Q8YAS5	0.3746556473829201	0.09090909090909091	0.12672176308539945	0.17079889807162535	0.2369146005509642
B5BC36	0.4472843450479233	0.07667731629392971	0.12460063897763578	0.1182108626198083	0.23322683706070288
A4WE75	0.4411764705882353	0.0915032679738562	0.11764705882352941	0.13071895424836602	0.21895424836601307
Q2KIG4	0.3567961165048544	0.08980582524271845	0.1407766990291262	0.1383495145631068	0.27427184466019416
Q6AA78	0.42995169082125606	0.07246376811594203	0.12560386473429952	0.14492753623188406	0.22705314009661837
A5F8P7	0.4103194103194103	0.07371007371007371	0.14742014742014742	0.12530712530712532	0.24324324324324326
C0PY54	0.434640522875817	0.0915032679738562	0.12745098039215685	0.13071895424836602	0.21568627450980393
P60109	0.5080906148867314	0.06796116504854369	0.12944983818770225	0.11650485436893204	0.1779935275080906
Q92YG5	0.4295942720763723	0.07637231503579953	0.1288782816229117	0.13126491646778043	0.23389021479713604
B7UHY3	0.434640522875817	0.0915032679738562	0.12091503267973856	0.13071895424836602	0.2222222222222222
B7GVV0	0.40492170022371365	0.07158836689038031	0.13646532438478748	0.11409395973154363	0.27293064876957496
Q87NU5	0.4083333333333333	0.08611111111111111	0.1	0.14166666666666666	0.2638888888888889
Q9RQJ2	0.38848920863309355	0.1079136690647482	0.10971223021582734	0.10431654676258993	0.289568345323741
B1JYT6	0.42152466367713004	0.07174887892376682	0.13228699551569506	0.12556053811659193	0.24887892376681614
Q6HP29	0.3975609756097561	0.07560975609756097	0.16097560975609757	0.14878048780487804	0.21707317073170732
B7NI01	0.43790849673202614	0.0915032679738562	0.12091503267973856	0.13071895424836602	0.21895424836601307
Q9X7M4	0.4844961240310077	0.050387596899224806	0.12403100775193798	0.1434108527131783	0.19767441860465115
P05089	0.4254658385093168	0.062111801242236024	0.13975155279503104	0.11801242236024845	0.2546583850931677
Q8CQG5	0.36739659367396593	0.07785888077858881	0.15571776155717762	0.1654501216545012	0.23357664233576642
P39138	0.46959459459459457	0.04391891891891892	0.13513513513513514	0.15202702702702703	0.19932432432432431
Q2SEP7	0.4537037037037037	0.08024691358024691	0.12037037037037036	0.1111111111111111	0.2345679012345679
A3D798	0.4027027027027027	0.0891891891891892	0.0945945945945946	0.13243243243243244	0.2810810810810811
Q5HDM3	0.3954983922829582	0.08681672025723473	0.13504823151125403	0.1382636655948553	0.24437299035369775
Q57757	0.3908450704225352	0.1056338028169014	0.1267605633802817	0.176056338028169	0.2007042253521127
P0A2Y1	0.4673202614379085	0.06535947712418301	0.13725490196078433	0.12745098039215685	0.20261437908496732
B1JCH2	0.4209354120267261	0.0801781737193764	0.12026726057906459	0.10690423162583519	0.2717149220489978
Q74ZW4	0.47368421052631576	0.06015037593984962	0.14285714285714285	0.11027568922305764	0.21303258145363407
Q8GWW7	0.3681462140992167	0.0835509138381201	0.1279373368146214	0.14360313315926893	0.27676240208877284
Q7NXX6	0.4375	0.08035714285714286	0.12276785714285714	0.11160714285714286	0.24776785714285715
B4RP98	0.4006514657980456	0.09771986970684039	0.13029315960912052	0.13029315960912052	0.24104234527687296
A4SSN4	0.46496815286624205	0.0732484076433121	0.12420382165605096	0.12101910828025478	0.21656050955414013
P60110	0.4088050314465409	0.07861635220125786	0.1069182389937107	0.09748427672955975	0.3081761006289308
B7MZN5	0.434640522875817	0.0915032679738562	0.12091503267973856	0.13071895424836602	0.2222222222222222
Q8YAS3	0.35772357723577236	0.10569105691056911	0.13550135501355012	0.15718157181571815	0.24390243902439024
P63554	0.3819951338199513	0.08029197080291971	0.145985401459854	0.1654501216545012	0.22627737226277372
B5YQ32	0.41834451901565994	0.0738255033557047	0.12080536912751678	0.10738255033557047	0.2796420581655481
Q083U9	0.41081081081081083	0.08378378378378379	0.0891891891891892	0.12702702702702703	0.2891891891891892
Q7WJ55	0.5362776025236593	0.0473186119873817	0.13249211356466878	0.1167192429022082	0.167192429022082
A7MNV7	0.4308390022675737	0.07482993197278912	0.12698412698412698	0.11564625850340136	0.25170068027210885
Q8DQ68	0.40166204986149584	0.09695290858725762	0.10249307479224377	0.16897506925207756	0.2299168975069252
O88806	0.38368580060422963	0.09063444108761329	0.14954682779456194	0.12386706948640483	0.25226586102719034
A8AYL1	0.39853300733496333	0.08312958435207823	0.14180929095354522	0.16625916870415647	0.21026894865525672
B0V7X3	0.40492170022371365	0.07158836689038031	0.13646532438478748	0.11409395973154363	0.27293064876957496
Q63U73	0.4449760765550239	0.07655502392344497	0.1291866028708134	0.1291866028708134	0.22009569377990432
P38487	0.39416058394160586	0.09245742092457421	0.14841849148418493	0.15085158150851583	0.2141119221411192
B8CN09	0.39101123595505616	0.07415730337078652	0.1303370786516854	0.10561797752808989	0.298876404494382
Q63SD8	0.44170403587443946	0.07174887892376682	0.13228699551569506	0.12780269058295965	0.226457399103139
Q5KR05	0.40700808625336926	0.09164420485175202	0.11320754716981132	0.1725067385444744	0.215633423180593
O53088	0.4156479217603912	0.06356968215158924	0.13691931540342298	0.1491442542787286	0.23471882640586797
Q885J6	0.41964285714285715	0.07589285714285714	0.11160714285714286	0.10714285714285714	0.2857142857142857
A6V2Q0	0.45016077170418006	0.07395498392282958	0.1414790996784566	0.1157556270096463	0.21864951768488747
Q9I3S3	0.4670846394984326	0.05956112852664577	0.12225705329153605	0.13166144200626959	0.219435736677116
Q2SRJ6	0.3489010989010989	0.09340659340659341	0.13736263736263737	0.1510989010989011	0.2692307692307692
Q6MSR8	0.3489010989010989	0.09340659340659341	0.1346153846153846	0.15384615384615385	0.2692307692307692
C0Q7C5	0.4103194103194103	0.07125307125307126	0.14004914004914004	0.1375921375921376	0.24078624078624078
C3LRF4	0.4103194103194103	0.07371007371007371	0.14742014742014742	0.12530712530712532	0.24324324324324326
A1JS35	0.4250559284116331	0.0738255033557047	0.1297539149888143	0.10514541387024609	0.2662192393736018
Q48QY8	0.42073170731707316	0.10670731707317073	0.10975609756097561	0.10975609756097561	0.2530487804878049
Q725C1	0.375609756097561	0.07317073170731707	0.14146341463414633	0.16341463414634147	0.24634146341463414
P0C0B3	0.41119221411192214	0.07785888077858881	0.1362530413625304	0.1630170316301703	0.2116788321167883
P60087	0.423841059602649	0.052980132450331126	0.1357615894039735	0.1423841059602649	0.24503311258278146
B7USC6	0.41834451901565994	0.0738255033557047	0.12080536912751678	0.11185682326621924	0.2751677852348993
B6I775	0.43790849673202614	0.0915032679738562	0.11764705882352941	0.13071895424836602	0.2222222222222222
A5ICK4	0.38839285714285715	0.08035714285714286	0.12053571428571429	0.10491071428571429	0.30580357142857145
P42068	0.41379310344827586	0.06583072100313479	0.14106583072100312	0.13479623824451412	0.2445141065830721
B5RAZ8	0.4407158836689038	0.07158836689038031	0.12527964205816555	0.1185682326621924	0.24384787472035793
Q666N7	0.41643835616438357	0.09315068493150686	0.08493150684931507	0.1178082191780822	0.2876712328767123
Q11G43	0.45588235294117646	0.06862745098039216	0.13480392156862744	0.12990196078431374	0.2107843137254902
Q5HCR2	0.3844282238442822	0.08029197080291971	0.145985401459854	0.1654501216545012	0.22384428223844283
A9MJF2	0.4504792332268371	0.07667731629392971	0.134185303514377	0.11182108626198083	0.2268370607028754
Q0TDR4	0.434640522875817	0.0915032679738562	0.12091503267973856	0.13071895424836602	0.2222222222222222
B7ICG5	0.40476190476190477	0.09523809523809523	0.14285714285714285	0.13095238095238096	0.2261904761904762
Q3KFK9	0.39274924471299094	0.1027190332326284	0.13293051359516617	0.1299093655589124	0.24169184290030213
Q6GDG7	0.3819951338199513	0.08029197080291971	0.145985401459854	0.1654501216545012	0.22627737226277372
Q9HZ59	0.44694533762057875	0.07395498392282958	0.1414790996784566	0.12218649517684887	0.21543408360128619
Q5ZXM2	0.3730407523510972	0.10658307210031348	0.12225705329153605	0.11285266457680251	0.2852664576802508
A0QBT9	0.4975124378109453	0.04228855721393035	0.11194029850746269	0.12437810945273632	0.22388059701492538
B0R9X5	0.36213991769547327	0.07407407407407407	0.11934156378600823	0.205761316872428	0.23868312757201646
B6EQ59	0.36486486486486486	0.08333333333333333	0.13288288288288289	0.11936936936936937	0.29954954954954954
C3PEE7	0.4650602409638554	0.07951807228915662	0.12289156626506025	0.13734939759036144	0.19518072289156627
P53608	0.4882943143812709	0.046822742474916385	0.14381270903010032	0.14046822742474915	0.1806020066889632
B8DAM3	0.3780487804878049	0.07317073170731707	0.14146341463414633	0.15853658536585366	0.24878048780487805
B0KR46	0.42538975501113585	0.0801781737193764	0.11581291759465479	0.10690423162583519	0.2717149220489978
B7GV54	0.40476190476190477	0.09523809523809523	0.14285714285714285	0.13095238095238096	0.2261904761904762
Q65ZT1	0.3740831295843521	0.10513447432762836	0.1393643031784841	0.13447432762836187	0.2469437652811736
O50175	0.4174107142857143	0.07589285714285714	0.13169642857142858	0.12053571428571429	0.2544642857142857
B7LPE7	0.434640522875817	0.0915032679738562	0.12091503267973856	0.13071895424836602	0.2222222222222222
Q1J5Q4	0.41119221411192214	0.07785888077858881	0.1362530413625304	0.1630170316301703	0.2116788321167883
B2HZS3	0.40492170022371365	0.07158836689038031	0.13646532438478748	0.11409395973154363	0.27293064876957496
Q9I3J8	0.4036144578313253	0.09036144578313253	0.14759036144578314	0.12951807228915663	0.2289156626506024
A9MEV5	0.40540540540540543	0.07125307125307126	0.14004914004914004	0.1375921375921376	0.2457002457002457
A8AHD7	0.436241610738255	0.0738255033557047	0.12527964205816555	0.11185682326621924	0.25279642058165547
P0CZ64	0.41119221411192214	0.07785888077858881	0.1362530413625304	0.1630170316301703	0.2116788321167883
B5RQH8	0.36674816625916873	0.09290953545232274	0.14180929095354522	0.13691931540342298	0.2616136919315403
A9QZ60	0.42058165548098436	0.06711409395973154	0.1319910514541387	0.10514541387024609	0.2751677852348993
C3K5U8	0.39945652173913043	0.07880434782608696	0.10597826086956522	0.12771739130434784	0.28804347826086957
Q5YP02	0.44072948328267475	0.0729483282674772	0.1398176291793313	0.13677811550151975	0.20972644376899696
A7MJQ1	0.434640522875817	0.09477124183006536	0.1111111111111111	0.12745098039215685	0.23202614379084968
P60654	0.4006514657980456	0.09446254071661238	0.13029315960912052	0.13029315960912052	0.24429967426710097
Q5WYJ0	0.3793103448275862	0.10344827586206896	0.12225705329153605	0.11285266457680251	0.28213166144200624
Q3SX44	0.47368421052631576	0.03508771929824561	0.11578947368421053	0.11228070175438597	0.2631578947368421
Q4ZQH9	0.41964285714285715	0.07589285714285714	0.11607142857142858	0.10714285714285714	0.28125
B5QWI7	0.43847874720357943	0.07158836689038031	0.12304250559284116	0.1185682326621924	0.2483221476510067
Q471H6	0.4873417721518987	0.056962025316455694	0.12025316455696203	0.11075949367088607	0.22468354430379747
A6QKC4	0.3844282238442822	0.08029197080291971	0.145985401459854	0.1654501216545012	0.22384428223844283
Q5L086	0.4582043343653251	0.07120743034055728	0.13003095975232198	0.13312693498452013	0.20743034055727555
Q6DGA6	0.37721518987341773	0.09620253164556962	0.1468354430379747	0.10632911392405063	0.27341772151898736
Q8Z125	0.4064039408866995	0.07142857142857142	0.13793103448275862	0.13793103448275862	0.24630541871921183
Q8DW17	0.37398373983739835	0.0948509485094851	0.12737127371273713	0.16260162601626016	0.24119241192411925
P13981	0.40669856459330145	0.07894736842105263	0.13157894736842105	0.1339712918660287	0.24880382775119617
Q9UM07	0.358974358974359	0.08446455505279035	0.1297134238310709	0.11764705882352941	0.3092006033182504
Q5E7U3	0.3817733990147783	0.0812807881773399	0.1477832512315271	0.13054187192118227	0.25862068965517243
Q66B18	0.42058165548098436	0.06711409395973154	0.1319910514541387	0.10514541387024609	0.2751677852348993
Q1Q9E3	0.4277456647398844	0.07803468208092486	0.1069364161849711	0.11849710982658959	0.26878612716763006
A1ABS6	0.41387024608501116	0.07606263982102908	0.12527964205816555	0.11409395973154363	0.27069351230425054
Q3K886	0.42857142857142855	0.08035714285714286	0.11383928571428571	0.10491071428571429	0.27232142857142855
Q640T1	0.36246786632390743	0.09254498714652956	0.16195372750642673	0.12082262210796915	0.2622107969151671
B7LQ47	0.4272930648769575	0.0738255033557047	0.12080536912751678	0.10738255033557047	0.27069351230425054
A4TJU4	0.42058165548098436	0.06711409395973154	0.1319910514541387	0.10514541387024609	0.2751677852348993
Q6CLS8	0.43260188087774293	0.06269592476489028	0.12539184952978055	0.13793103448275862	0.2413793103448276
Q2ST29	0.36724565756823824	0.0967741935483871	0.16129032258064516	0.16377171215880892	0.2109181141439206
B7V2K4	0.38315217391304346	0.08423913043478261	0.12771739130434784	0.16032608695652173	0.24456521739130435
Q1JFY9	0.41119221411192214	0.07785888077858881	0.1362530413625304	0.1630170316301703	0.2116788321167883
B5XZ82	0.4748427672955975	0.06289308176100629	0.1289308176100629	0.12578616352201258	0.20754716981132076
O08557	0.40350877192982454	0.05263157894736842	0.14736842105263157	0.14035087719298245	0.256140350877193
Q5HLR4	0.3890675241157556	0.09003215434083602	0.13504823151125403	0.1414790996784566	0.24437299035369775
Q12611	0.43209876543209874	0.05246913580246913	0.14814814814814814	0.14506172839506173	0.2222222222222222
Q0T0V7	0.434640522875817	0.0915032679738562	0.12091503267973856	0.13071895424836602	0.2222222222222222
C4LA78	0.4474327628361858	0.07823960880195599	0.11246943765281174	0.11735941320293398	0.24449877750611246
P0CZ67	0.4176829268292683	0.10670731707317073	0.10975609756097561	0.10975609756097561	0.25609756097560976
P63570	0.3954983922829582	0.08681672025723473	0.13504823151125403	0.1382636655948553	0.24437299035369775
Q4K838	0.42410714285714285	0.08035714285714286	0.11383928571428571	0.10044642857142858	0.28125
Q3YXT4	0.434640522875817	0.0915032679738562	0.12091503267973856	0.13071895424836602	0.2222222222222222
P14012	0.44753086419753085	0.04938271604938271	0.11728395061728394	0.12037037037037036	0.2654320987654321
B4T3Z7	0.43847874720357943	0.07158836689038031	0.12304250559284116	0.116331096196868	0.2505592841163311
Q8N6M5	0.38107416879795397	0.09207161125319693	0.13810741687979539	0.1329923273657289	0.2557544757033248
Q7X3P1	0.4215686274509804	0.08823529411764706	0.12418300653594772	0.11764705882352941	0.24836601307189543
C1CU66	0.39853300733496333	0.08312958435207823	0.1466992665036675	0.17603911980440098	0.19559902200489
P63552	0.48756218905472637	0.04228855721393035	0.11691542288557213	0.12686567164179105	0.2263681592039801
Q6CZ80	0.4266304347826087	0.07880434782608696	0.10054347826086957	0.14402173913043478	0.25
P71889	0.45695364238410596	0.10264900662251655	0.10927152317880795	0.10264900662251655	0.22847682119205298
Q814Q2	0.41379310344827586	0.1	0.12758620689655173	0.15862068965517243	0.2
Q90XD2	0.4588235294117647	0.06764705882352941	0.10294117647058823	0.09705882352941177	0.2735294117647059
A4IMP1	0.4658385093167702	0.06521739130434782	0.12422360248447205	0.11180124223602485	0.2329192546583851
A1RHF0	0.41081081081081083	0.08648648648648649	0.10270270270270271	0.13243243243243244	0.26756756756756755
A6U519	0.3819951338199513	0.08029197080291971	0.145985401459854	0.1654501216545012	0.22627737226277372
Q04EV5	0.3888888888888889	0.06521739130434782	0.1473429951690821	0.13285024154589373	0.26570048309178745
P25335	0.37900874635568516	0.10495626822157435	0.16034985422740525	0.1457725947521866	0.2099125364431487
B2VEK6	0.4399092970521542	0.06575963718820861	0.1292517006802721	0.10430839002267574	0.26077097505668934
Q7N122	0.4169381107491857	0.08794788273615635	0.1237785016286645	0.12052117263843648	0.250814332247557
Q5DZ79	0.35585585585585583	0.08558558558558559	0.13288288288288289	0.12387387387387387	0.30180180180180183
O02849	0.3689759036144578	0.09487951807228916	0.13102409638554216	0.12951807228915663	0.2756024096385542
Q8YAS0	0.375609756097561	0.07317073170731707	0.14146341463414633	0.16341463414634147	0.24634146341463414
Q1DDF6	0.42727272727272725	0.06818181818181818	0.14545454545454545	0.11136363636363636	0.24772727272727274
Q8DCF4	0.4187192118226601	0.07389162561576355	0.14039408866995073	0.1354679802955665	0.2315270935960591
A7ZR59	0.434640522875817	0.0915032679738562	0.12091503267973856	0.13071895424836602	0.2222222222222222
Q4KJX9	0.39945652173913043	0.08152173913043478	0.11141304347826086	0.14130434782608695	0.266304347826087
Q2YZ66	0.3844282238442822	0.08029197080291971	0.145985401459854	0.1654501216545012	0.22384428223844283
P73270	0.40512820512820513	0.07948717948717948	0.11794871794871795	0.13333333333333333	0.2641025641025641
C5BAV1	0.4375	0.08552631578947369	0.13157894736842105	0.13486842105263158	0.21052631578947367
C1CAZ3	0.39853300733496333	0.08312958435207823	0.1466992665036675	0.17603911980440098	0.19559902200489
Q6AYP0	0.3801452784503632	0.09200968523002422	0.13317191283292978	0.12106537530266344	0.2736077481840194
C1CRX2	0.3988919667590028	0.0997229916897507	0.10249307479224377	0.16897506925207756	0.2299168975069252
Q837U5	0.36164383561643837	0.09315068493150686	0.1095890410958904	0.15616438356164383	0.27945205479452057
A7FEY8	0.41643835616438357	0.09315068493150686	0.08493150684931507	0.1178082191780822	0.2876712328767123
P56965	0.41754385964912283	0.04912280701754386	0.14385964912280702	0.14035087719298245	0.24912280701754386
Q73E87	0.3951219512195122	0.07560975609756097	0.16097560975609757	0.14878048780487804	0.21951219512195122
Q0SM08	0.38386308068459657	0.10268948655256724	0.13202933985330073	0.13447432762836187	0.2469437652811736
Q32C02	0.43137254901960786	0.0915032679738562	0.12091503267973856	0.13071895424836602	0.22549019607843138
A8A0T7	0.41387024608501116	0.07606263982102908	0.1185682326621924	0.11185682326621924	0.2796420581655481
B5XIY3	0.42073170731707316	0.10670731707317073	0.10975609756097561	0.10975609756097561	0.2530487804878049
A5IVB6	0.3954983922829582	0.08681672025723473	0.13504823151125403	0.1382636655948553	0.24437299035369775
B8ZP26	0.3988919667590028	0.09695290858725762	0.10249307479224377	0.16897506925207756	0.23268698060941828
Q57RG9	0.43769968051118213	0.07987220447284345	0.12460063897763578	0.1182108626198083	0.23961661341853036
Q1GRR9	0.4746987951807229	0.06265060240963856	0.13493975903614458	0.10361445783132531	0.22409638554216868
A8A477	0.434640522875817	0.0915032679738562	0.12091503267973856	0.13071895424836602	0.2222222222222222
Q99LD8	0.47719298245614034	0.03508771929824561	0.11578947368421053	0.11228070175438597	0.2596491228070175
Q655X8	0.4745417515274949	0.05091649694501019	0.1120162932790224	0.12423625254582485	0.23828920570264767
P37818	0.42105263157894735	0.05572755417956656	0.13312693498452013	0.13312693498452013	0.25696594427244585
Q8Z6G2	0.43847874720357943	0.07158836689038031	0.12304250559284116	0.116331096196868	0.2505592841163311
Q9I4E3	0.40551181102362205	0.07480314960629922	0.14566929133858267	0.14960629921259844	0.22440944881889763
A6QJH5	0.3954983922829582	0.08681672025723473	0.13504823151125403	0.1382636655948553	0.24437299035369775
Q0TH85	0.41387024608501116	0.0738255033557047	0.1185682326621924	0.11185682326621924	0.28187919463087246
Q92VC1	0.4441176470588235	0.08529411764705883	0.1588235294117647	0.12352941176470589	0.18823529411764706
P75713	0.4367816091954023	0.12643678160919541	0.09195402298850575	0.1111111111111111	0.23371647509578544
B7NT32	0.4161073825503356	0.0738255033557047	0.12304250559284116	0.11409395973154363	0.27293064876957496
Q58DL1	0.41076487252124644	0.06232294617563739	0.13314447592067988	0.11614730878186968	0.2776203966005666
Q9KBE3	0.42946708463949845	0.07523510971786834	0.13793103448275862	0.12225705329153605	0.23510971786833856
Q0D2L3	0.42776203966005666	0.056657223796033995	0.10764872521246459	0.08781869688385269	0.32011331444759206
Q0S7R0	0.471875	0.059375	0.1125	0.1125	0.24375
Q7VRG4	0.40264026402640263	0.11551155115511551	0.12211221122112212	0.0924092409240924	0.26732673267326734
Q12LR7	0.38963963963963966	0.07882882882882883	0.12837837837837837	0.10810810810810811	0.29504504504504503
O31017	0.4229828850855746	0.08557457212713937	0.1198044009779951	0.12469437652811736	0.2469437652811736
Q1QTQ8	0.4429530201342282	0.058165548098434	0.12527964205816555	0.116331096196868	0.25727069351230425
Q8FAD9	0.39803439803439805	0.07125307125307126	0.14250614250614252	0.13267813267813267	0.25552825552825553
Q4L9J9	0.3746958637469586	0.0851581508515815	0.15328467153284672	0.170316301703163	0.21654501216545013
A5F1X7	0.39880952380952384	0.08928571428571429	0.13392857142857142	0.11607142857142858	0.2619047619047619
A4XRA9	0.4182692307692308	0.07932692307692307	0.1346153846153846	0.13701923076923078	0.23076923076923078
C1AXW8	0.48641975308641977	0.04197530864197531	0.12098765432098765	0.1259259259259259	0.22469135802469137
Q4VK78	0.4067796610169492	0.059322033898305086	0.1327683615819209	0.11299435028248588	0.288135593220339
Q1JAR2	0.41119221411192214	0.07785888077858881	0.1362530413625304	0.1630170316301703	0.2116788321167883
Q8ZPU9	0.4407158836689038	0.07158836689038031	0.12304250559284116	0.11409395973154363	0.2505592841163311
P23793	0.4	0.09024390243902439	0.13658536585365855	0.14878048780487804	0.22439024390243903
B0VQ88	0.3982102908277405	0.0738255033557047	0.1342281879194631	0.11409395973154363	0.2796420581655481
B5YQD4	0.434640522875817	0.0915032679738562	0.12091503267973856	0.13071895424836602	0.2222222222222222
Q02PY1	0.4437299035369775	0.07395498392282958	0.14469453376205788	0.12218649517684887	0.21543408360128619
A4W8B2	0.4551282051282051	0.07051282051282051	0.1282051282051282	0.12179487179487179	0.22435897435897437
Q9JHX6	0.38164251207729466	0.08695652173913043	0.13526570048309178	0.12560386473429952	0.27053140096618356
O34497	0.3881118881118881	0.05944055944055944	0.13986013986013987	0.15734265734265734	0.25524475524475526
Q9RJN1	0.4452380952380952	0.0761904761904762	0.1261904761904762	0.12857142857142856	0.22380952380952382
B1LDY6	0.42058165548098436	0.0738255033557047	0.1185682326621924	0.11409395973154363	0.27293064876957496
A8Z523	0.3954983922829582	0.08681672025723473	0.13504823151125403	0.1382636655948553	0.24437299035369775
B1IPI5	0.42058165548098436	0.0738255033557047	0.116331096196868	0.10961968680089486	0.2796420581655481
Q9RKU4	0.40691489361702127	0.0851063829787234	0.1356382978723404	0.13829787234042554	0.23404255319148937
Q99XQ9	0.42073170731707316	0.10670731707317073	0.10975609756097561	0.10975609756097561	0.2530487804878049
Q5F6R3	0.4006514657980456	0.09771986970684039	0.13029315960912052	0.13029315960912052	0.24104234527687296
O49434	0.42857142857142855	0.047619047619047616	0.12761904761904763	0.11428571428571428	0.2819047619047619
Q61176	0.4179566563467492	0.06811145510835913	0.14241486068111456	0.12074303405572756	0.25077399380804954
Q1E180	0.43788819875776397	0.049689440993788817	0.14596273291925466	0.14596273291925466	0.2204968944099379
B8E8S8	0.3972972972972973	0.0918918918918919	0.0972972972972973	0.13243243243243244	0.2810810810810811
A0R969	0.3951219512195122	0.07560975609756097	0.15609756097560976	0.14634146341463414	0.22682926829268293
P76216	0.41834451901565994	0.0738255033557047	0.1185682326621924	0.11185682326621924	0.27740492170022374
Q8GXV5	0.36577181208053694	0.11409395973154363	0.1174496644295302	0.1040268456375839	0.2986577181208054
A6TDU9	0.4411764705882353	0.0915032679738562	0.11764705882352941	0.13071895424836602	0.21895424836601307
C0PWX6	0.43769968051118213	0.07987220447284345	0.12460063897763578	0.1182108626198083	0.23961661341853036
P00812	0.4594594594594595	0.06006006006006006	0.12012012012012012	0.12312312312312312	0.23723723723723725
Q3JQC7	0.44170403587443946	0.07174887892376682	0.13228699551569506	0.12780269058295965	0.226457399103139
Q7F1K9	0.42718446601941745	0.10032362459546926	0.11003236245954692	0.09385113268608414	0.2686084142394822
O86509	0.4365781710914454	0.08259587020648967	0.12979351032448377	0.1415929203539823	0.20943952802359883
O51896	0.38386308068459657	0.10268948655256724	0.13202933985330073	0.13691931540342298	0.24449877750611246
C3LLQ0	0.39880952380952384	0.08928571428571429	0.13392857142857142	0.11607142857142858	0.2619047619047619
Q03NY8	0.4146341463414634	0.06585365853658537	0.13170731707317074	0.15365853658536585	0.23414634146341465
A4VFL7	0.421195652173913	0.08152173913043478	0.11413043478260869	0.14673913043478262	0.23641304347826086
Q48SI7	0.41119221411192214	0.07785888077858881	0.1362530413625304	0.1630170316301703	0.2116788321167883
A5U144	0.48756218905472637	0.04228855721393035	0.11691542288557213	0.12686567164179105	0.2263681592039801
B5F066	0.4440894568690096	0.07667731629392971	0.12460063897763578	0.1182108626198083	0.2364217252396166
A1RIU9	0.38963963963963966	0.07657657657657657	0.12612612612612611	0.10585585585585586	0.30180180180180183
B4U1S0	0.41362530413625304	0.07785888077858881	0.1362530413625304	0.16058394160583941	0.2116788321167883
P60653	0.4006514657980456	0.09446254071661238	0.13029315960912052	0.13029315960912052	0.24429967426710097
A7ZML3	0.42058165548098436	0.0738255033557047	0.12080536912751678	0.10738255033557047	0.27740492170022374
Q0HF12	0.4081081081081081	0.08648648648648649	0.1	0.13243243243243244	0.27297297297297296
B1HQK2	0.40993788819875776	0.07142857142857142	0.12732919254658384	0.13043478260869565	0.2608695652173913
A0L0W9	0.4081081081081081	0.08648648648648649	0.0972972972972973	0.13513513513513514	0.27297297297297296
A4XP44	0.3967391304347826	0.07880434782608696	0.11956521739130435	0.14673913043478262	0.25815217391304346
Q0BGU9	0.4192825112107623	0.07174887892376682	0.13004484304932734	0.12780269058295965	0.25112107623318386
Q8ZHG0	0.41643835616438357	0.09315068493150686	0.08493150684931507	0.1178082191780822	0.2876712328767123
Q5NNB4	0.42452830188679247	0.08254716981132075	0.14622641509433962	0.10141509433962265	0.24528301886792453
Q1R791	0.434640522875817	0.0915032679738562	0.12091503267973856	0.13071895424836602	0.2222222222222222
Q5E0C4	0.40285714285714286	0.07714285714285714	0.13428571428571429	0.09714285714285714	0.2885714285714286
Q5X0L4	0.3746397694524496	0.11527377521613832	0.11527377521613832	0.12103746397694524	0.2737752161383285
C3K0A7	0.39274924471299094	0.1027190332326284	0.13293051359516617	0.1299093655589124	0.24169184290030213
Q7P0S6	0.4503105590062112	0.08385093167701864	0.10869565217391304	0.12422360248447205	0.2329192546583851
C1ALZ2	0.48756218905472637	0.04228855721393035	0.11691542288557213	0.12686567164179105	0.2263681592039801
P33280	0.44972067039106145	0.0446927374301676	0.13966480446927373	0.12849162011173185	0.23743016759776536
B5QXK5	0.434640522875817	0.0915032679738562	0.12745098039215685	0.13071895424836602	0.21568627450980393
Q9Y2J8	0.37894736842105264	0.10676691729323308	0.13082706766917293	0.1368421052631579	0.24661654135338346
B5F7I9	0.43847874720357943	0.07158836689038031	0.12304250559284116	0.116331096196868	0.2505592841163311
Q1J4B6	0.4176829268292683	0.10670731707317073	0.10975609756097561	0.10975609756097561	0.25609756097560976
B7V9J1	0.4437299035369775	0.07395498392282958	0.14790996784565916	0.12218649517684887	0.21221864951768488
P72703	0.4150326797385621	0.08496732026143791	0.1111111111111111	0.13725490196078433	0.25163398692810457
Q6CIB4	0.3926829268292683	0.08048780487804878	0.11951219512195121	0.14146341463414633	0.2658536585365854
Q48Q55	0.4076086956521739	0.08152173913043478	0.11413043478260869	0.13858695652173914	0.25815217391304346
A9KYH3	0.4027027027027027	0.0891891891891892	0.0945945945945946	0.13243243243243244	0.2810810810810811
B5FJD5	0.43847874720357943	0.07158836689038031	0.12304250559284116	0.116331096196868	0.2505592841163311
Q03DS2	0.40294840294840295	0.0687960687960688	0.13513513513513514	0.14742014742014742	0.2457002457002457
B7MAV6	0.41387024608501116	0.07606263982102908	0.12527964205816555	0.11409395973154363	0.27069351230425054
B7MSY5	0.39803439803439805	0.07125307125307126	0.14250614250614252	0.13267813267813267	0.25552825552825553
A9M254	0.4006514657980456	0.09446254071661238	0.1270358306188925	0.13029315960912052	0.247557003257329
Q6LQ58	0.4175824175824176	0.07142857142857142	0.11538461538461539	0.12087912087912088	0.27472527472527475
Q6G639	0.3844282238442822	0.08029197080291971	0.145985401459854	0.1654501216545012	0.22384428223844283
B7IA89	0.40492170022371365	0.07158836689038031	0.13646532438478748	0.11409395973154363	0.27293064876957496
Q9C0Y9	0.41421568627450983	0.10784313725490197	0.11519607843137254	0.13970588235294118	0.22303921568627452
A9MFF9	0.43400447427293065	0.07158836689038031	0.12527964205816555	0.1185682326621924	0.2505592841163311
Q2FEG2	0.3954983922829582	0.08681672025723473	0.13504823151125403	0.1382636655948553	0.24437299035369775
B0KI18	0.4048913043478261	0.07880434782608696	0.11956521739130435	0.14673913043478262	0.25
A7FIL3	0.4228187919463087	0.06711409395973154	0.1319910514541387	0.10067114093959731	0.27740492170022374
A4Y7N9	0.3918918918918919	0.07432432432432433	0.12612612612612611	0.10585585585585586	0.30180180180180183
B9E7J8	0.40836012861736337	0.09967845659163987	0.1189710610932476	0.1607717041800643	0.21221864951768488
A9N3R6	0.434640522875817	0.0915032679738562	0.12745098039215685	0.13071895424836602	0.21568627450980393
Q5XAY2	0.41119221411192214	0.07785888077858881	0.1362530413625304	0.1630170316301703	0.2116788321167883
Q91554	0.4111111111111111	0.06111111111111111	0.1361111111111111	0.1111111111111111	0.28055555555555556
A3MLY7	0.44170403587443946	0.07174887892376682	0.13228699551569506	0.12780269058295965	0.226457399103139
B9DLS6	0.3883495145631068	0.09385113268608414	0.13268608414239483	0.14563106796116504	0.23948220064724918
P0A2Y0	0.4673202614379085	0.06535947712418301	0.13725490196078433	0.12745098039215685	0.20261437908496732
Q97RA4	0.3988919667590028	0.09695290858725762	0.10526315789473684	0.16620498614958448	0.23268698060941828
A9AD18	0.4260089686098655	0.07174887892376682	0.13228699551569506	0.12556053811659193	0.24439461883408073
Q5PJH7	0.434640522875817	0.0915032679738562	0.12745098039215685	0.13071895424836602	0.21568627450980393
Q38YQ6	0.41849148418491483	0.06326034063260341	0.13381995133819952	0.15085158150851583	0.23357664233576642
Q2FVT2	0.3954983922829582	0.08681672025723473	0.13504823151125403	0.1382636655948553	0.24437299035369775
B4F1A3	0.4215686274509804	0.08823529411764706	0.12418300653594772	0.11764705882352941	0.24836601307189543
Q6LG16	0.3939393939393939	0.07162534435261708	0.12672176308539945	0.15702479338842976	0.25068870523415976
P0A2X9	0.4673202614379085	0.06535947712418301	0.13725490196078433	0.12745098039215685	0.20261437908496732
B7JN59	0.3975609756097561	0.07560975609756097	0.16097560975609757	0.14878048780487804	0.21707317073170732
Q13PQ0	0.4751552795031056	0.059006211180124224	0.12422360248447205	0.13354037267080746	0.2080745341614907
Q7M0Z3	0.5033557046979866	0.040268456375838924	0.1342281879194631	0.13758389261744966	0.18456375838926176
Q6F6Y1	0.41317365269461076	0.09580838323353294	0.12874251497005987	0.12275449101796407	0.23952095808383234
A5EXR1	0.41445783132530123	0.08433734939759036	0.12771084337349398	0.13734939759036144	0.236144578313253
B4SZJ1	0.44089456869009586	0.07667731629392971	0.12460063897763578	0.11501597444089456	0.24281150159744408
Q8NZ45	0.4176829268292683	0.10670731707317073	0.11280487804878049	0.10975609756097561	0.2530487804878049
Q89DX7	0.43333333333333335	0.0761904761904762	0.1380952380952381	0.12857142857142856	0.22380952380952382
P78540	0.4124293785310734	0.059322033898305086	0.12994350282485875	0.11299435028248588	0.2853107344632768
P19213	0.40694789081885857	0.08933002481389578	0.1488833746898263	0.13399503722084366	0.22084367245657568
C1C6Q3	0.3988919667590028	0.09695290858725762	0.10526315789473684	0.16620498614958448	0.23268698060941828
A6WP88	0.39864864864864863	0.07657657657657657	0.12162162162162163	0.10585585585585586	0.2972972972972973
P60652	0.434640522875817	0.0915032679738562	0.12091503267973856	0.13071895424836602	0.2222222222222222
O08691	0.4124293785310734	0.06779661016949153	0.13559322033898305	0.11299435028248588	0.2711864406779661
A5V3M9	0.49528301886792453	0.0589622641509434	0.125	0.1179245283018868	0.2028301886792453
B5E3F7	0.39853300733496333	0.08312958435207823	0.1466992665036675	0.17603911980440098	0.19559902200489
Q2SXN8	0.4327354260089686	0.07174887892376682	0.13228699551569506	0.12780269058295965	0.23542600896860988
A7MSD7	0.4039408866995074	0.07635467980295567	0.1354679802955665	0.1477832512315271	0.23645320197044334
A5IW62	0.3819951338199513	0.08029197080291971	0.145985401459854	0.1654501216545012	0.22627737226277372
Q6LJR6	0.39414414414414417	0.07432432432432433	0.13288288288288289	0.11036036036036036	0.2882882882882883
P0CZ66	0.4176829268292683	0.10670731707317073	0.10975609756097561	0.10975609756097561	0.25609756097560976
P60088	0.423841059602649	0.052980132450331126	0.1357615894039735	0.1423841059602649	0.24503311258278146
P60086	0.423841059602649	0.052980132450331126	0.1357615894039735	0.1423841059602649	0.24503311258278146
B5RE39	0.434640522875817	0.0915032679738562	0.12745098039215685	0.13071895424836602	0.21568627450980393
A8AZ72	0.4316109422492401	0.1033434650455927	0.11246200607902736	0.11550151975683891	0.23708206686930092
P9WQ05	0.48756218905472637	0.04228855721393035	0.11691542288557213	0.12686567164179105	0.2263681592039801
C1A399	0.4765432098765432	0.044444444444444446	0.12839506172839507	0.14074074074074075	0.20987654320987653
A6VWS0	0.4116222760290557	0.08958837772397095	0.13559322033898305	0.12106537530266344	0.24213075060532688
B1KNK9	0.3887640449438202	0.07640449438202247	0.11910112359550562	0.10561797752808989	0.3101123595505618
Q7ADE7	0.41834451901565994	0.0738255033557047	0.12080536912751678	0.10738255033557047	0.2796420581655481
B7L6L9	0.42058165548098436	0.0738255033557047	0.12080536912751678	0.10961968680089486	0.2751677852348993
Q8DWQ2	0.3926829268292683	0.07804878048780488	0.14390243902439023	0.16341463414634147	0.22195121951219512
Q91555	0.4083333333333333	0.06111111111111111	0.1361111111111111	0.10833333333333334	0.2861111111111111
Q9I6K2	0.46855345911949686	0.0660377358490566	0.11949685534591195	0.12578616352201258	0.22012578616352202
B7NUG6	0.39803439803439805	0.07125307125307126	0.14250614250614252	0.13267813267813267	0.25552825552825553
Q8EIF2	0.4135135135135135	0.08648648648648649	0.10540540540540541	0.12702702702702703	0.26756756756756755
Q2NRD3	0.4364820846905538	0.09120521172638436	0.11726384364820847	0.1237785016286645	0.23127035830618892
A6U459	0.3954983922829582	0.08681672025723473	0.13504823151125403	0.1382636655948553	0.24437299035369775
P0CZ65	0.41119221411192214	0.07785888077858881	0.1362530413625304	0.1630170316301703	0.2116788321167883
Q8CMW1	0.3771289537712895	0.072992700729927	0.15085158150851583	0.16058394160583941	0.2384428223844282
C1KV84	0.375609756097561	0.07317073170731707	0.14146341463414633	0.16341463414634147	0.24634146341463414
B2ING9	0.39853300733496333	0.08312958435207823	0.1466992665036675	0.17603911980440098	0.19559902200489
B7MMC5	0.434640522875817	0.0915032679738562	0.12091503267973856	0.13071895424836602	0.2222222222222222
B2G669	0.4	0.07073170731707316	0.15609756097560976	0.15853658536585366	0.2146341463414634
O51781	0.3804878048780488	0.1048780487804878	0.13902439024390245	0.14146341463414633	0.23414634146341465
A8GFQ2	0.40582959641255606	0.07399103139013453	0.12780269058295965	0.10986547085201794	0.2825112107623318
Q02JZ8	0.4036144578313253	0.09036144578313253	0.14759036144578314	0.12650602409638553	0.2319277108433735
Q8G999	0.3923444976076555	0.07177033492822966	0.14114832535885166	0.14354066985645933	0.2511961722488038
B8D2J5	0.3829268292682927	0.08292682926829269	0.14878048780487804	0.18292682926829268	0.20243902439024392
P75475	0.40594059405940597	0.07920792079207921	0.1311881188118812	0.09900990099009901	0.28465346534653463
Q5NZY1	0.4868035190615836	0.06158357771260997	0.1436950146627566	0.12609970674486803	0.18181818181818182
Q7X7N2	0.45	0.05	0.15	0.1411764705882353	0.2088235294117647
Q97NA4	0.39853300733496333	0.08312958435207823	0.1466992665036675	0.17603911980440098	0.19559902200489
Q6TGC4	0.3703170028818444	0.09077809798270893	0.1138328530259366	0.1282420749279539	0.2968299711815562
A3MA02	0.40476190476190477	0.09821428571428571	0.13988095238095238	0.13095238095238096	0.2261904761904762
B4T5I5	0.434640522875817	0.0915032679738562	0.12745098039215685	0.13071895424836602	0.21568627450980393
P0C2E1	0.37530266343825663	0.08716707021791767	0.14769975786924938	0.17433414043583534	0.21549636803874092
A6UY93	0.38315217391304346	0.08152173913043478	0.125	0.16032608695652173	0.25
B2GAF4	0.3857493857493858	0.0687960687960688	0.13267813267813267	0.16216216216216217	0.25061425061425063
B0R542	0.48366013071895425	0.058823529411764705	0.08823529411764706	0.16013071895424835	0.20915032679738563
Q8ZQR1	0.4440894568690096	0.07667731629392971	0.12460063897763578	0.1182108626198083	0.2364217252396166
B1YW20	0.4192825112107623	0.07174887892376682	0.12780269058295965	0.12780269058295965	0.2533632286995516
Q5HKU2	0.3771289537712895	0.072992700729927	0.15085158150851583	0.16058394160583941	0.2384428223844282
A8H2S2	0.39101123595505616	0.07415730337078652	0.12359550561797752	0.10561797752808989	0.3056179775280899
Q2SB21	0.4495192307692308	0.07692307692307693	0.1201923076923077	0.14182692307692307	0.21153846153846154
A0KVZ2	0.3918918918918919	0.07432432432432433	0.12162162162162163	0.10135135135135136	0.3108108108108108
Q9Y8N2	0.45555555555555555	0.08148148148148149	0.1259259259259259	0.11481481481481481	0.2222222222222222
Q8FQ76	0.46496815286624205	0.044585987261146494	0.12420382165605096	0.15605095541401273	0.21019108280254778
P0DJQ3	0.4696485623003195	0.0670926517571885	0.12779552715654952	0.11501597444089456	0.22044728434504793
B7MVM4	0.41387024608501116	0.0738255033557047	0.12304250559284116	0.11409395973154363	0.2751677852348993
A9MTJ4	0.4440894568690096	0.07667731629392971	0.12460063897763578	0.1182108626198083	0.2364217252396166
Q8RFN0	0.3710691823899371	0.11006289308176101	0.14779874213836477	0.13836477987421383	0.23270440251572327
A0AEM0	0.3882063882063882	0.07125307125307126	0.14742014742014742	0.15724815724815724	0.23587223587223588
O88807	0.3633633633633634	0.09009009009009009	0.14114114114114115	0.11711711711711711	0.2882882882882883
B1IB89	0.3961218836565097	0.09695290858725762	0.10249307479224377	0.17174515235457063	0.23268698060941828
Q91553	0.4111111111111111	0.06111111111111111	0.13333333333333333	0.11388888888888889	0.28055555555555556
B8AU84	0.4470588235294118	0.05	0.15	0.1411764705882353	0.21176470588235294
B5QX59	0.44089456869009586	0.07667731629392971	0.12460063897763578	0.1182108626198083	0.23961661341853036
P58827	0.41119221411192214	0.07785888077858881	0.1362530413625304	0.1630170316301703	0.2116788321167883
Q09913	0.39473684210526316	0.08771929824561403	0.13742690058479531	0.11695906432748537	0.2631578947368421
Q3JYE2	0.3951219512195122	0.07804878048780488	0.14390243902439023	0.16097560975609757	0.22195121951219512
B1XF99	0.434640522875817	0.0915032679738562	0.12091503267973856	0.13071895424836602	0.2222222222222222
B4TUC4	0.436241610738255	0.07158836689038031	0.12080536912751678	0.116331096196868	0.2550335570469799
Q3Z293	0.41834451901565994	0.0738255033557047	0.1185682326621924	0.11185682326621924	0.27740492170022374
Q9K6B9	0.42560553633217996	0.10034602076124567	0.1245674740484429	0.1453287197231834	0.2041522491349481
Q6FCP9	0.4147982062780269	0.07399103139013453	0.12556053811659193	0.10538116591928251	0.2802690582959641
Q9Z185	0.38368580060422963	0.09516616314199396	0.14652567975830816	0.12537764350453173	0.24924471299093656
A3M9D2	0.40492170022371365	0.07158836689038031	0.13646532438478748	0.11409395973154363	0.27293064876957496
B5R755	0.44089456869009586	0.07667731629392971	0.12460063897763578	0.1182108626198083	0.23961661341853036
Q2FUX7	0.3844282238442822	0.08029197080291971	0.145985401459854	0.1654501216545012	0.22384428223844283
A8GIX7	0.434640522875817	0.0915032679738562	0.11437908496732026	0.11764705882352941	0.24183006535947713
B7N7I9	0.434640522875817	0.0915032679738562	0.12091503267973856	0.13071895424836602	0.2222222222222222
A3CLW6	0.39853300733496333	0.08068459657701711	0.15647921760391198	0.17359413202933985	0.19070904645476772
Q04L01	0.40166204986149584	0.09695290858725762	0.10249307479224377	0.16897506925207756	0.2299168975069252
Q4L8J3	0.3762057877813505	0.08360128617363344	0.1414790996784566	0.14469453376205788	0.2540192926045016
B5XMC3	0.41119221411192214	0.07542579075425791	0.1362530413625304	0.1654501216545012	0.2116788321167883
Q7MHF3	0.4187192118226601	0.07389162561576355	0.14039408866995073	0.1354679802955665	0.2315270935960591
B7LFJ6	0.43790849673202614	0.0915032679738562	0.11764705882352941	0.13071895424836602	0.2222222222222222
C1CK08	0.40166204986149584	0.09695290858725762	0.10526315789473684	0.1634349030470914	0.23268698060941828
Q9ULW8	0.3704819277108434	0.09186746987951808	0.12951807228915663	0.1355421686746988	0.27259036144578314
B8ZPY7	0.39853300733496333	0.08312958435207823	0.1466992665036675	0.17603911980440098	0.19559902200489
